http://dbpedia.org/ontology/predecessor	0.2854786303424144	0.586753311672082	5.917436210436768	81.79663444916014
http://dbpedia.org/ontology/successor	0.2821709029933757	0.6147626716251888	6.443845980473383	97.88925065882064
http://dbpedia.org/ontology/previousWork	0.21192798199549887	0.7528132033008252	4.958916646241305	43.98514031816301
http://dbpedia.org/ontology/subsequentWork	0.2412740797253481	0.6873927140949838	5.381197661882037	40.35035711527236
http://rdfs.org/sioc/ns#parent_of	0.5244402396720278	0.25701671397035636	2.4543996301201014	14.412303730895609
http://dbpedia.org/ontology/parent	0.7429129005751849	0.17399342645850452	3.8041525151037145	23.89836946707871
http://www.w3.org/2000/01/rdf-schema#subClassOf	0.31483957219251335	0.6457219251336899	1.6979264678549297	10.610737962651285
http://www.w3.org/2004/02/skos/core#broader	0.10535192957486034	0.7242391809883503	5.576887801010423	114.535182426516
http://www.w3.org/2004/02/skos/core#narrower	0.9583333333333334	0.0	0.23856062735983122	2.656645832655281
http://purl.org/dc/terms/hasPart	0.9925373134328358	0.0	2.3160415225760094	1.9464133256182024
http://purl.org/dc/terms/isPartOf	0.9927760577915377	0.0	2.2092837688608253	1.6899145203537889
http://dbpedia.org/ontology/isPartOf	0.9013395704869233	0.05677227301722305	3.488298450206467	10.63141119588987
