dbo:predecessor	358244	348166	40010	25803	4299	0.2854786303424144	0.586753311672082	22963.159452766387	4831	2416	0.1583523080107638	0.7095839370730698	0.6731850776918079	3252.157110329124
dbo:successor	440746	417317	60233	38065	5892	0.2821709029933757	0.6147626716251888	36215.673340873735	12544	5936	0.15011160714285715	0.7116549744897959	0.6728429448748566	8440.141900510202
dbo:previousWork	551284	550164	10664	8490	1509	0.21192798199549887	0.7528132033008252	8027.560152505753	710	469	0.04507042253521127	0.9169014084507042	0.9003243404086491	639.2302816901408
dbo:subsequentWork	511026	527523	15729	11947	1824	0.2412740797253481	0.6873927140949838	10838.31840444258	2272	1511	0.11267605633802817	0.7566021126760564	0.7145145161240329	1623.3769806338028
sioc:parent_of	101219	46618	6342	2150	334	0.5244402396720278	0.25701671397035636	1726.0477687269747	4357	1173	0.41404636217580904	0.33486343814551295	0.3448044662484672	1502.3130594445718
dbo:parent	105868	97091	9736	4301	921	0.7429129005751849	0.17399342645850452	1965.17861948002	1583	979	0.012002526847757423	0.9595704358812381	0.9461021617477868	1497.6797220467465
rdfs:subClassOf	4461717	3676563	1496	837	196	0.31483957219251335	0.6457219251336899	961.04942002442	780	301	0.04871794871794872	0.941025641025641	0.9364497041420118	730.4307692307692
skos:broader	11866699	5791076	356918	82025	6705	0.10535192957486034	0.7242391809883503	238440.0097271691	277085	43767	0.059321146940469534	0.7457891982604616	0.6788964374842903	188112.0193803346
skos:narrower	817194	737303	48	24	7	0.9583333333333334	0.0	0.9354166666666666	16	5	0.9375	0.0	0.029296875	0.46875
dbo:isPartOf	1003184	408386	4703	3893	1593	0.9013395704869233	0.05677227301722305	312.8322580927841	60	29	0.0	1.0	1.0	60.0
